3.
3
2.99
2
2.98
2
2.97
2
2.96
2
2.95
2
2.94
2
2.93
2
2.92
2
2.91
2
2.9
2
2.89
2
2.88
2
2.87
2
2.86
2
2.85
2
2.84
2
2.83
2
2.82
2
2.81
2
2.8
2
2.79
2
2.78
2
2.77
2
2.76
2
2.75
2
2.74
2
2.73
2
2.72
2
2.71
2
2.7
2
2.69
2
2.68
2
2.67
2
2.66
2
2.65
2
2.64
2
2.63
2
2.62
2
2.61
2
2.6
2
2.59
2
2.58
2
2.57
2
2.56
2
2.55
2
2.54
2
2.53
2
2.52
2
2.51
2
2.5
2
2.49
2
2.48
2
2.47
2
2.46
2
2.45
2
2.44
2
2.43
2
2.42
2
2.41
2
2.4
2
2.39
2
2.38
2
2.37
2
2.36
2
2.35
2
2.34
2
2.33
2
2.32
2
2.31
2
2.3
2
2.29
2
2.28
2
2.27
2
2.26
2
2.25
2
2.24
2
2.23
2
2.22
2
2.21
2
2.2
2
2.19
2
2.18
2
2.17
2
2.16
2
2.15
2
2.14
2
2.13
2
2.12
2
2.11
2
2.1
2
2.09
2
2.08
2
2.07
2
2.06
2
2.05
2
2.04
2
2.03
2
2.02
2
2.01
2
2.
2
1.99
1
1.98
1
1.97
1
1.96
1
1.95
1
1.94
1
1.93
1
1.92
1
1.91
1
1.9
1
1.89
1
1.88
1
1.87
1
1.86
1
1.85
1
1.84
1
1.83
1
1.82
1
1.81
1
1.8
1
1.79
1
1.78
1
1.77
1
1.76
1
1.75
1
1.74
1
1.73
1
1.72
1
1.71
1
1.7
1
1.69
1
1.68
1
1.67
1
1.66
1
1.65
1
1.64
1
1.63
1
1.62
1
1.61
1
1.6
1
1.59
1
1.58
1
1.57
1
1.56
1
1.55
1
1.54
1
1.53
1
1.52
1
1.51
1
1.5
1
1.49
1
1.48
1
1.47
1
1.46
1
1.45
1
1.44
1
1.43
1
1.42
1
1.41
1
1.4
1
1.39
1
1.38
1
1.37
1
1.36
1
1.35
1
1.34
1
1.33
1
1.32
1
1.31
1
1.3
1
1.29
1
1.28
1
1.27
1
1.26
1
1.25
1
1.24
1
1.23
1
1.22
1
1.21
1
1.2
1
1.19
1
1.18
1
1.17
1
1.16
1
1.15
1
1.14
1
1.13
1
1.12
1
1.11
1
1.1
1
1.09
1
1.08
1
1.07
1
1.06
1
1.05
1
1.04
1
1.03
1
1.02
1
1.01
1
1.
1
0.99
0
0.98
0
0.97
0
0.96
0
0.95
0
0.94
0
0.93
0
0.92
0
0.91
0
0.9
0
0.89
0
0.88
0
0.87
0
0.86
0
0.85
0
0.84
0
0.83
0
0.82
0
0.81
0
0.8
0
0.79
0
0.78
0
0.77
0
0.76
0
0.75
0
0.74
0
0.73
0
0.72
0
0.71
0
0.7
0
0.69
0
0.68
0
0.67
0
0.66
0
0.65
0
0.64
0
0.63
0
0.62
0
0.61
0
0.6
0
0.59
0
0.58
0
0.57
0
0.56
0
0.55
0
0.54
0
0.53
0
0.52
0
0.51
0
0.5
0
0.49
0
0.48
0
0.47
0
0.46
0
0.45
0
0.44
0
0.43
0
0.42
0
0.41
0
0.4
0
0.39
0
0.38
0
0.37
0
0.36
0
0.35
0
0.34
0
0.33
0
0.32
0
0.31
0
0.3
0
0.29
0
0.28
0
0.27
0
0.26
0
0.25
0
0.24
0
0.23
0
0.22
0
0.21
0
0.2
0
0.19
0
0.18
0
0.17
0
0.16
0
0.15
0
0.14
0
0.13
0
0.12
0
0.11
0
0.1
0
0.09
0
0.08
0
0.07
0
0.06
0
0.05
0
0.04
0
0.03
0
0.02
0
0.01
0
1.96752336645e-14
0
-0.00999999999998
0
-0.02
0
-0.03
0
-0.04
0
-0.05
0
-0.06
0
-0.07
0
-0.08
0
-0.09
0
-0.1
0
-0.11
0
-0.12
0
-0.13
0
-0.14
0
-0.15
0
-0.16
0
-0.17
0
-0.18
0
-0.19
0
-0.2
0
-0.21
0
-0.22
0
-0.23
0
-0.24
0
-0.25
0
-0.26
0
-0.27
0
-0.28
0
-0.29
0
-0.3
0
-0.31
0
-0.32
0
-0.33
0
-0.34
0
-0.35
0
-0.36
0
-0.37
0
-0.38
0
-0.39
0
-0.4
0
-0.41
0
-0.42
0
-0.43
0
-0.44
0
-0.45
0
-0.46
0
-0.47
0
-0.48
0
-0.49
0
-0.5
0
-0.51
0
-0.52
0
-0.53
0
-0.54
0
-0.55
0
-0.56
0
-0.57
0
-0.58
0
-0.59
0
-0.6
0
-0.61
0
-0.62
0
-0.63
0
-0.64
0
-0.65
0
-0.66
0
-0.67
0
-0.68
0
-0.69
0
-0.7
0
-0.71
0
-0.72
0
-0.73
0
-0.74
0
-0.75
0
-0.76
0
-0.77
0
-0.78
0
-0.79
0
-0.8
0
-0.81
0
-0.82
0
-0.83
0
-0.84
0
-0.85
0
-0.86
0
-0.87
0
-0.88
0
-0.89
0
-0.9
0
-0.91
0
-0.92
0
-0.93
0
-0.94
0
-0.95
0
-0.96
0
-0.97
0
-0.98
0
-0.99
0
-1.
0
-1.01
-1
-1.02
-1
-1.03
-1
-1.04
-1
-1.05
-1
-1.06
-1
-1.07
-1
-1.08
-1
-1.09
-1
-1.1
-1
-1.11
-1
-1.12
-1
-1.13
-1
-1.14
-1
-1.15
-1
-1.16
-1
-1.17
-1
-1.18
-1
-1.19
-1
-1.2
-1
-1.21
-1
-1.22
-1
-1.23
-1
-1.24
-1
-1.25
-1
-1.26
-1
-1.27
-1
-1.28
-1
-1.29
-1
-1.3
-1
-1.31
-1
-1.32
-1
-1.33
-1
-1.34
-1
-1.35
-1
-1.36
-1
-1.37
-1
-1.38
-1
-1.39
-1
-1.4
-1
-1.41
-1
-1.42
-1
-1.43
-1
-1.44
-1
-1.45
-1
-1.46
-1
-1.47
-1
-1.48
-1
-1.49
-1
-1.5
-1
-1.51
-1
-1.52
-1
-1.53
-1
-1.54
-1
-1.55
-1
-1.56
-1
-1.57
-1
-1.58
-1
-1.59
-1
-1.6
-1
-1.61
-1
-1.62
-1
-1.63
-1
-1.64
-1
-1.65
-1
-1.66
-1
-1.67
-1
-1.68
-1
-1.69
-1
-1.7
-1
-1.71
-1
-1.72
-1
-1.73
-1
-1.74
-1
-1.75
-1
-1.76
-1
-1.77
-1
-1.78
-1
-1.79
-1
-1.8
-1
-1.81
-1
-1.82
-1
-1.83
-1
-1.84
-1
-1.85
-1
-1.86
-1
-1.87
-1
-1.88
-1
-1.89
-1
-1.9
-1
-1.91
-1
-1.92
-1
-1.93
-1
-1.94
-1
-1.95
-1
-1.96
-1
-1.97
-1
-1.98
-1
-1.99
-1
-2.
-1
-2.01
-2
-2.02
-2
-2.03
-2
-2.04
-2
-2.05
-2
-2.06
-2
-2.07
-2
-2.08
-2
-2.09
-2
-2.1
-2
-2.11
-2
-2.12
-2
-2.13
-2
-2.14
-2
-2.15
-2
-2.16
-2
-2.17
-2
-2.18
-2
-2.19
-2
-2.2
-2
-2.21
-2
-2.22
-2
-2.23
-2
-2.24
-2
-2.25
-2
-2.26
-2
-2.27
-2
-2.28
-2
-2.29
-2
-2.3
-2
-2.31
-2
-2.32
-2
-2.33
-2
-2.34
-2
-2.35
-2
-2.36
-2
-2.37
-2
-2.38
-2
-2.39
-2
-2.4
-2
-2.41
-2
-2.42
-2
-2.43
-2
-2.44
-2
-2.45
-2
-2.46
-2
-2.47
-2
-2.48
-2
-2.49
-2
-2.5
-2
-2.51
-2
-2.52
-2
-2.53
-2
-2.54
-2
-2.55
-2
-2.56
-2
-2.57
-2
-2.58
-2
-2.59
-2
-2.6
-2
-2.61
-2
-2.62
-2
-2.63
-2
-2.64
-2
-2.65
-2
-2.66
-2
-2.67
-2
-2.68
-2
-2.69
-2
-2.7
-2
-2.71
-2
-2.72
-2
-2.73
-2
-2.74
-2
-2.75
-2
-2.76
-2
-2.77
-2
-2.78
-2
-2.79
-2
-2.8
-2
-2.81
-2
-2.82
-2
-2.83
-2
-2.84
-2
-2.85
-2
-2.86
-2
-2.87
-2
-2.88
-2
-2.89
-2
-2.9
-2
-2.91
-2
-2.92
-2
-2.93
-2
-2.94
-2
-2.95
-2
-2.96
-2
-2.97
-2
-2.98
-2
-2.99
-2
-3.
-2
