3.
3
2.98999996185302734375
2
2.980000019073486328125
2
2.969999980926513671875
2
2.96000003814697265625
2
2.95
2
2.940000057220458984375
2
2.930000019073486328125
2
2.9200000762939453125
2
2.91000003814697265625
2
2.900000095367431640625
2
2.890000057220458984375
2
2.88000011444091796875
2
2.8700000762939453125
2
2.860000133514404296875
2
2.850000095367431640625
2
2.840000152587890625
2
2.83000011444091796875
2
2.820000171661376953125
2
2.810000133514404296875
2
2.80000019073486328125
2
2.7900002002716064453125
2
2.780000209808349609375
2
2.7700002193450927734375
2
2.7600002288818359375
2
2.7500002384185791015625
2
2.740000247955322265625
2
2.7300002574920654296875
2
2.72000026702880859375
2
2.7100002765655517578125
2
2.700000286102294921875
2
2.6900002956390380859375
2
2.68000030517578125
2
2.6700003147125244140625
2
2.660000324249267578125
2
2.6500003337860107421875
2
2.64000034332275390625
2
2.6300003528594970703125
2
2.620000362396240234375
2
2.6100003719329833984375
2
2.6000003814697265625
2
2.5900003910064697265625
2
2.580000400543212890625
2
2.5700004100799560546875
2
2.56000041961669921875
2
2.5500004291534423828125
2
2.540000438690185546875
2
2.5300004482269287109375
2
2.520000457763671875
2
2.5100004673004150390625
2
2.500000476837158203125
2
2.4900004863739013671875
2
2.48000049591064453125
2
2.4700005054473876953125
2
2.460000514984130859375
2
2.4500005245208740234375
2
2.4400005340576171875
2
2.4300005435943603515625
2
2.420000553131103515625
2
2.4100005626678466796875
2
2.40000057220458984375
2
2.3900005817413330078125
2
2.380000591278076171875
2
2.3700006008148193359375
2
2.3600006103515625
2
2.3500006198883056640625
2
2.340000629425048828125
2
2.3300006389617919921875
2
2.32000064849853515625
2
2.3100006580352783203125
2
2.300000667572021484375
2
2.2900006771087646484375
2
2.2800006866455078125
2
2.2700006961822509765625
2
2.260000705718994140625
2
2.2500007152557373046875
2
2.24000072479248046875
2
2.2300007343292236328125
2
2.220000743865966796875
2
2.2100007534027099609375
2
2.200000762939453125
2
2.1900007724761962890625
2
2.180000782012939453125
2
2.1700007915496826171875
2
2.16000080108642578125
2
2.1500008106231689453125
2
2.140000820159912109375
2
2.1300008296966552734375
2
2.1200008392333984375
2
2.1100008487701416015625
2
2.100000858306884765625
2
2.0900008678436279296875
2
2.08000087738037109375
2
2.0700008869171142578125
2
2.060000896453857421875
2
2.0500009059906005859375
2
2.04000091552734375
2
2.0300009250640869140625
2
2.020000934600830078125
2
2.0100009441375732421875
2
2.00000095367431640625
2
1.99000091552734375
1
1.980000972747802734375
1
1.970000934600830078125
1
1.9600009918212890625
1
1.95000095367431640625
1
1.940001010894775390625
1
1.930000972747802734375
1
1.92000102996826171875
1
1.9100009918212890625
1
1.900001049041748046875
1
1.890001010894775390625
1
1.880001068115234375
1
1.87000102996826171875
1
1.860001087188720703125
1
1.850001049041748046875
1
1.84000110626220703125
1
1.830001068115234375
1
1.820001125335693359375
1
1.810001087188720703125
1
1.8000011444091796875
1
1.7900011539459228515625
1
1.780001163482666015625
1
1.7700011730194091796875
1
1.76000118255615234375
1
1.7500011920928955078125
1
1.740001201629638671875
1
1.7300012111663818359375
1
1.720001220703125
1
1.7100012302398681640625
1
1.700001239776611328125
1
1.6900012493133544921875
1
1.68000125885009765625
1
1.6700012683868408203125
1
1.660001277923583984375
1
1.6500012874603271484375
1
1.6400012969970703125
1
1.6300013065338134765625
1
1.620001316070556640625
1
1.6100013256072998046875
1
1.60000133514404296875
1
1.5900013446807861328125
1
1.580001354217529296875
1
1.5700013637542724609375
1
1.560001373291015625
1
1.5500013828277587890625
1
1.540001392364501953125
1
1.5300014019012451171875
1
1.52000141143798828125
1
1.5100014209747314453125
1
1.500001430511474609375
1
1.4900014400482177734375
1
1.4800014495849609375
1
1.4700014591217041015625
1
1.460001468658447265625
1
1.4500014781951904296875
1
1.44000148773193359375
1
1.4300014972686767578125
1
1.420001506805419921875
1
1.4100015163421630859375
1
1.40000152587890625
1
1.3900015354156494140625
1
1.380001544952392578125
1
1.3700015544891357421875
1
1.36000156402587890625
1
1.3500015735626220703125
1
1.340001583099365234375
1
1.3300015926361083984375
1
1.3200016021728515625
1
1.3100016117095947265625
1
1.300001621246337890625
1
1.2900016307830810546875
1
1.28000164031982421875
1
1.2700016498565673828125
1
1.260001659393310546875
1
1.2500016689300537109375
1
1.240001678466796875
1
1.2300016880035400390625
1
1.220001697540283203125
1
1.2100017070770263671875
1
1.20000171661376953125
1
1.1900017261505126953125
1
1.180001735687255859375
1
1.1700017452239990234375
1
1.1600017547607421875
1
1.1500017642974853515625
1
1.140001773834228515625
1
1.1300017833709716796875
1
1.12000179290771484375
1
1.1100018024444580078125
1
1.100001811981201171875
1
1.0900018215179443359375
1
1.0800018310546875
1
1.0700018405914306640625
1
1.060001850128173828125
1
1.0500018596649169921875
1
1.04000186920166015625
1
1.0300018787384033203125
1
1.020001888275146484375
1
1.0100018978118896484375
1
1.0000019073486328125
1
0.99000186920166015625
0
0.980001926422119140625
0
0.970001888275146484375
0
0.96000194549560546875
0
0.9500019073486328125
0
0.940001964569091796875
0
0.930001926422119140625
0
0.920001983642578125
0
0.91000194549560546875
0
0.900002002716064453125
0
0.890001964569091796875
0
0.88000202178955078125
0
0.870001983642578125
0
0.860002040863037109375
0
0.850002002716064453125
0
0.8400020599365234375
0
0.83000202178955078125
0
0.820002079010009765625
0
0.810002040863037109375
0
0.80000209808349609375
0
0.7900021076202392578125
0
0.780002117156982421875
0
0.7700021266937255859375
0
0.76000213623046875
0
0.7500021457672119140625
0
0.740002155303955078125
0
0.7300021648406982421875
0
0.72000217437744140625
0
0.7100021839141845703125
0
0.700002193450927734375
0
0.6900022029876708984375
0
0.6800022125244140625
0
0.6700022220611572265625
0
0.660002231597900390625
0
0.6500022411346435546875
0
0.64000225067138671875
0
0.6300022602081298828125
0
0.620002269744873046875
0
0.6100022792816162109375
0
0.600002288818359375
0
0.5900022983551025390625
0
0.580002307891845703125
0
0.5700023174285888671875
0
0.56000232696533203125
0
0.5500023365020751953125
0
0.540002346038818359375
0
0.5300023555755615234375
0
0.5200023651123046875
0
0.5100023746490478515625
0
0.500002384185791015625
0
0.4900023937225341796875
0
0.48000240325927734375
0
0.4700024127960205078125
0
0.460002422332763671875
0
0.4500024318695068359375
0
0.44000244140625
0
0.4300024509429931640625
0
0.420002460479736328125
0
0.4100024700164794921875
0
0.40000247955322265625
0
0.3900024890899658203125
0
0.380002498626708984375
0
0.3700025081634521484375
0
0.3600025177001953125
0
0.3500025272369384765625
0
0.340002536773681640625
0
0.3300025463104248046875
0
0.32000255584716796875
0
0.3100025653839111328125
0
0.300002574920654296875
0
0.2900025844573974609375
0
0.280002593994140625
0
0.2700026035308837890625
0
0.260002613067626953125
0
0.2500026226043701171875
0
0.24000263214111328125
0
0.23000261783599853515625
0
0.2200026035308837890625
0
0.210002613067626953125
0
0.20000259876251220703125
0
0.190002593994140625
0
0.180002593994140625
0
0.17000258922576904296875
0
0.16000258922576904296875
0
0.150002574920654296875
0
0.14000257015228271484375
0
0.13000257015228271484375
0
0.120002567768096923828125
0
0.110002577304840087890625
0
0.100002574920654296875
0
0.090002574920654296875
0
0.080002574920654296875
0
0.0700025844573974609375
0
0.06000257968902587890625
0
0.05000257968902587890625
0
0.0400025844573974609375
0
0.030002582073211669921875
0
0.020002582073211669921875
0
0.0100025844573974609375
0
0.000002585351467132568359375
0
-0.00999741363525390625
0
-0.01999741268157958984375
0
-0.02999741077423095703125
0
-0.03999741268157958984375
0
-0.049997406005859375
0
-0.059997406005859375
0
-0.069997406005859375
0
-0.07999740123748779296875
0
-0.0899973964691162109375
0
-0.0999973964691162109375
0
-0.10999739170074462890625
0
-0.11999739360809326171875
0
-0.12999738407135009765625
0
-0.13999737453460693359375
0
-0.14999736309051513671875
0
-0.15999735355377197265625
0
-0.16999734401702880859375
0
-0.17999733448028564453125
0
-0.1899973201751708984375
0
-0.199997310638427734375
0
-0.20999729633331298828125
0
-0.21999728679656982421875
0
-0.22999727725982666015625
0
-0.23999726772308349609375
0
-0.24999725818634033203125
0
-0.25999724864959716796875
0
-0.26999723911285400390625
0
-0.27999722957611083984375
0
-0.28999721527099609375
0
-0.2999972057342529296875
0
-0.30999720096588134765625
0
-0.31999719142913818359375
0
-0.32999718189239501953125
0
-0.33999717235565185546875
0
-0.34999716281890869140625
0
-0.35999715328216552734375
0
-0.36999714374542236328125
0
-0.37999713420867919921875
0
-0.389997119903564453125
0
-0.3999971103668212890625
0
-0.409997081756591796875
0
-0.4199970722198486328125
0
-0.42999706268310546875
0
-0.4399970531463623046875
0
-0.449997043609619140625
0
-0.4599970340728759765625
0
-0.4699970245361328125
0
-0.4799970149993896484375
0
-0.489997005462646484375
0
-0.4999969959259033203125
0
-0.50999698638916015625
0
-0.5199969768524169921875
0
-0.529996967315673828125
0
-0.5399969577789306640625
0
-0.5499969482421875
0
-0.5599969387054443359375
0
-0.569996929168701171875
0
-0.5799969196319580078125
0
-0.58999691009521484375
0
-0.5999969005584716796875
0
-0.609996891021728515625
0
-0.6199968814849853515625
0
-0.6299968719482421875
0
-0.6399968624114990234375
0
-0.649996852874755859375
0
-0.6599968433380126953125
0
-0.66999683380126953125
0
-0.6799968242645263671875
0
-0.689996814727783203125
0
-0.6999968051910400390625
0
-0.709996795654296875
0
-0.7199967861175537109375
0
-0.729996776580810546875
0
-0.7399967670440673828125
0
-0.74999675750732421875
0
-0.7599967479705810546875
0
-0.769996738433837890625
0
-0.7799967288970947265625
0
-0.7899967193603515625
0
-0.7999967098236083984375
0
-0.809996700286865234375
0
-0.81999664306640625
0
-0.82999668121337890625
0
-0.839996623992919921875
0
-0.849996662139892578125
0
-0.85999660491943359375
0
-0.86999664306640625
0
-0.879996585845947265625
0
-0.889996623992919921875
0
-0.8999965667724609375
0
-0.90999660491943359375
0
-0.919996547698974609375
0
-0.929996585845947265625
0
-0.93999652862548828125
0
-0.9499965667724609375
0
-0.959996509552001953125
0
-0.969996547698974609375
0
-0.979996490478515625
0
-0.98999652862548828125
0
-0.999996471405029296875
0
-1.00999653339385986328125
-1
-1.01999652385711669921875
-1
-1.02999651432037353515625
-1
-1.03999650478363037109375
-1
-1.04999649524688720703125
-1
-1.05999648571014404296875
-1
-1.06999647617340087890625
-1
-1.07999646663665771484375
-1
-1.08999645233154296875
-1
-1.0999964427947998046875
-1
-1.10999643802642822265625
-1
-1.11999642848968505859375
-1
-1.12999641895294189453125
-1
-1.13999640941619873046875
-1
-1.14999639987945556640625
-1
-1.15999639034271240234375
-1
-1.16999638080596923828125
-1
-1.17999637126922607421875
-1
-1.189996356964111328125
-1
-1.1999963474273681640625
-1
-1.20999634265899658203125
-1
-1.21999633312225341796875
-1
-1.22999632358551025390625
-1
-1.23999631404876708984375
-1
-1.24999630451202392578125
-1
-1.25999629497528076171875
-1
-1.26999628543853759765625
-1
-1.27999627590179443359375
-1
-1.2899962615966796875
-1
-1.2999962520599365234375
-1
-1.30999624729156494140625
-1
-1.31999623775482177734375
-1
-1.32999622821807861328125
-1
-1.33999621868133544921875
-1
-1.34999620914459228515625
-1
-1.35999619960784912109375
-1
-1.36999619007110595703125
-1
-1.37999618053436279296875
-1
-1.389996166229248046875
-1
-1.3999961566925048828125
-1
-1.409996128082275390625
-1
-1.4199961185455322265625
-1
-1.4299961090087890625
-1
-1.4399960994720458984375
-1
-1.449996089935302734375
-1
-1.4599960803985595703125
-1
-1.46999607086181640625
-1
-1.4799960613250732421875
-1
-1.489996051788330078125
-1
-1.4999960422515869140625
-1
-1.50999603271484375
-1
-1.5199960231781005859375
-1
-1.529996013641357421875
-1
-1.5399960041046142578125
-1
-1.54999599456787109375
-1
-1.5599959850311279296875
-1
-1.569995975494384765625
-1
-1.5799959659576416015625
-1
-1.5899959564208984375
-1
-1.5999959468841552734375
-1
-1.609995937347412109375
-1
-1.6199959278106689453125
-1
-1.62999591827392578125
-1
-1.6399959087371826171875
-1
-1.649995899200439453125
-1
-1.6599958896636962890625
-1
-1.669995880126953125
-1
-1.6799958705902099609375
-1
-1.689995861053466796875
-1
-1.6999958515167236328125
-1
-1.70999584197998046875
-1
-1.7199958324432373046875
-1
-1.729995822906494140625
-1
-1.7399958133697509765625
-1
-1.7499958038330078125
-1
-1.7599957942962646484375
-1
-1.769995784759521484375
-1
-1.7799957752227783203125
-1
-1.78999576568603515625
-1
-1.7999957561492919921875
-1
-1.809995746612548828125
-1
-1.81999568939208984375
-1
-1.8299957275390625
-1
-1.839995670318603515625
-1
-1.849995708465576171875
-1
-1.8599956512451171875
-1
-1.86999568939208984375
-1
-1.879995632171630859375
-1
-1.889995670318603515625
-1
-1.89999561309814453125
-1
-1.9099956512451171875
-1
-1.919995594024658203125
-1
-1.929995632171630859375
-1
-1.939995574951171875
-1
-1.94999561309814453125
-1
-1.959995555877685546875
-1
-1.969995594024658203125
-1
-1.97999553680419921875
-1
-1.989995574951171875
-1
-1.999995517730712890625
-1
-2.00999546051025390625
-2
-2.0199954509735107421875
-2
-2.029995441436767578125
-2
-2.0399954319000244140625
-2
-2.04999542236328125
-2
-2.0599954128265380859375
-2
-2.069995403289794921875
-2
-2.0799953937530517578125
-2
-2.08999538421630859375
-2
-2.0999953746795654296875
-2
-2.109995365142822265625
-2
-2.1199953556060791015625
-2
-2.1299953460693359375
-2
-2.1399953365325927734375
-2
-2.149995326995849609375
-2
-2.1599953174591064453125
-2
-2.16999530792236328125
-2
-2.1799952983856201171875
-2
-2.189995288848876953125
-2
-2.1999952793121337890625
-2
-2.209995269775390625
-2
-2.2199952602386474609375
-2
-2.229995250701904296875
-2
-2.2399952411651611328125
-2
-2.24999523162841796875
-2
-2.2599952220916748046875
-2
-2.269995212554931640625
-2
-2.2799952030181884765625
-2
-2.2899951934814453125
-2
-2.2999951839447021484375
-2
-2.309995174407958984375
-2
-2.3199951648712158203125
-2
-2.32999515533447265625
-2
-2.3399951457977294921875
-2
-2.349995136260986328125
-2
-2.3599951267242431640625
-2
-2.3699951171875
-2
-2.3799951076507568359375
-2
-2.389995098114013671875
-2
-2.3999950885772705078125
-2
-2.40999507904052734375
-2
-2.4199950695037841796875
-2
-2.429995059967041015625
-2
-2.4399950504302978515625
-2
-2.4499950408935546875
-2
-2.4599950313568115234375
-2
-2.469995021820068359375
-2
-2.4799950122833251953125
-2
-2.48999500274658203125
-2
-2.4999949932098388671875
-2
-2.509994983673095703125
-2
-2.5199949741363525390625
-2
-2.529994964599609375
-2
-2.5399949550628662109375
-2
-2.549994945526123046875
-2
-2.5599949359893798828125
-2
-2.56999492645263671875
-2
-2.5799949169158935546875
-2
-2.589994907379150390625
-2
-2.5999948978424072265625
-2
-2.6099948883056640625
-2
-2.6199948787689208984375
-2
-2.629994869232177734375
-2
-2.6399948596954345703125
-2
-2.64999485015869140625
-2
-2.6599948406219482421875
-2
-2.669994831085205078125
-2
-2.6799948215484619140625
-2
-2.68999481201171875
-2
-2.6999948024749755859375
-2
-2.709994792938232421875
-2
-2.7199947834014892578125
-2
-2.72999477386474609375
-2
-2.7399947643280029296875
-2
-2.749994754791259765625
-2
-2.7599947452545166015625
-2
-2.7699947357177734375
-2
-2.7799947261810302734375
-2
-2.789994716644287109375
-2
-2.7999947071075439453125
-2
-2.80999469757080078125
-2
-2.819994640350341796875
-2
-2.829994678497314453125
-2
-2.83999462127685546875
-2
-2.849994659423828125
-2
-2.859994602203369140625
-2
-2.869994640350341796875
-2
-2.8799945831298828125
-2
-2.88999462127685546875
-2
-2.899994564056396484375
-2
-2.909994602203369140625
-2
-2.91999454498291015625
-2
-2.9299945831298828125
-2
-2.939994525909423828125
-2
-2.949994564056396484375
-2
-2.9599945068359375
-2
-2.96999454498291015625
-2
-2.979994487762451171875
-2
-2.989994525909423828125
-2
-2.99999446868896484375
-2
